34
5
534
46
746
7
456
34
6
345
6
78
2
2
3
67
578
546
7
2
5
67
56
34
534
46
746
7
456
346
345
6
78
2
2
3
67
578
5466
534
46
746
7
456
346
345
6
78
2
2
3
67
578
54634
5467
8
3
5
6
7
76
534
46
746
7
456
346
345
6
78
2
2
3
67
578
546678
344
534
46
746
7
456
346
345
6
78
2
2
3
67
578
546
534
46
746
7
456
346
345
534
46
746
7
456
346
345
6
78
2
2
3
67
578
546
6
78
2
2
3
67
578
546
534
46
746
7
456
346
345
6
78
2
2
3
67
578
546
634
46
746
7
456
346
345
534
46
746
7
456
346
345
6
78
2
2
3
67
578
546
6
78
2
2
3
67
578
546
534
46
746
7
456
346
345
6
78
2
2
3
67
578
546
46
746
7
456
346
345
534
46
746
7
456
346
345
6
78
2
2
3
67
578
546
6
78
2
2
3
67
578
546
534
46
746
7
456
346
345
6
78
2
2
3
67
578
546
46
746
7
456
346
345
534
46
746
7
456
346
345
6
78
2
2
3
67
578
546
6
78
2
2
3
67
578
546
534
46
746
7
456
346
345
6
78
2
2
3
67
578
546
46
746
7
456
346
345
534
46
746
7
456
346
345
6
78
2
2
3
67
578
546
6
78
2
2
3
67
578
546
534
46
746
7
456
346
345
6
78
2
2
3
67
578
546
46
746
7
456
346
345
534
46
746
7
456
346
345
6
78
2
2
3
67
578
546
6
78
2
2
3
67
578
546
534
46
746
7
456
346
345
6
78
2
2
3
67
578
546
46
746
7
456
346
345
534
46
746
7
456
346
345
6
78
2
2
3
67
578
546
6
78
2
2
3
67
578
546
534
46
746
7
456
346
345
6
78
2
2
3
67
578
546
46
746
7
456
346
345
534
46
746
7
456
346
345
6
78
2
2
3
67
578
546
6
78
2
2
3
67
578
546
534
46
746
7
456
346
345
6
78
2
2
3
67
578
546
46
746
7
456
346
345
534
46
746
7
456
346
345
6
78
2
2
3
67
578
546
6
78
2
2
3
67
578
546
534
46
746
7
456
346
345
6
78
2
2
3
67
578
546
46
746
7
456
346
345
534
46
746
7
456
346
345
6
78
2
2
3
67
578
546
6
78
2
2
3
67
578
546
534
46
746
7
456
346
345
6
78
2
2
3
67
578
546
46
746
7
456
346
345
534
46
746
7
456
346
345
6
78
2
2
3
67
578
546
6
78
2
2
3
67
578
546
534
46
746
7
456
346
345
6
78
2
2
3
67
578
546
46
746
7
456
346
345
534
46
746
7
456
3467
345
6
78
2
2
3
67
578
546
6
78
2
2
3
67
578
546
534
46
746
7
456
346
345
6
78
2
2
3
67
578
546
46
746
7
456
346
345
534
46
746
7
456
346
345
6
78
2
2
3
67
578
546
67
78
2
2
3
67
578
546
534
46
746
7
456
346
345
688
78
2
2
3
67
578
546
46
746
7
456
346
345
534
-1
746
7
456
346
345
6
78
2
2
3
67
578
546
6
78
2
2
3
67
578
546
534
46
746
7
456
346
345
6
78
2
0
3
679
578
546
46
746
7
456
346
345
534
46
746
7
456
346
345
6
78
2
2
3
67
578
546
6
78
2
2
3
67
578
546
534
46
746
7
456
346
345
6
78
2
2
3
67
578
546
46
746
7
456
346
345
534
46
746
7
456
346
345
6
78
2
2
3
67
578
546
6
78
2
2
3
67
578
546
534
46
746
7
456
346
345
6
78
2
2
3
67
578
546
46
746
7
456
346
345
534
46
746
7
456
346
345
6
78
2
2
3
67
578
546
6
78
2
2
3
67
578
546
534
46
746
7
456
346
345
6
78
2
2
3
67
578
546
46
746
7
456
346
345
534
46
746
7
456
346
345
6
78
2
2
3
67
578
546
6
78
2
2
3
67
578
546
534
46
746
7
456
346
345
6
78
2
2
3
67
578
546
46
746
7
456
346
345
534
46
746
7
456
346
345
6
78
2
2
3
67
578
546
6
78
2
2
3
67
578
546
534
46
746
7
456
346
345
6
78
2
2
3
67
578
546
46
746
7
456
346
345
534
46
746
7
456
346
345
6
78
2
2
3
67
578
546
6
78
2
2
3
67
578
546
534
46
746
7
456
346
345
6
78
2
2
3
67
578
546
46
746
7
456
346
345
534
46
746
7
456
346
345
6
78
2
2
3
67
578
546
6
78
2
2
3